# YOLOv5 wandb sweep tuning Results
#epochs:70
#    metrics/precision,       metrics/recall,      metrics/mAP_0.5, metrics/mAP_0.5:0.95,         val/box_loss,         val/obj_loss,         val/cls_loss
#              0.5745,              0.6361,              0.5997,              0.2486,             0.0294,             0.008134,                    0

lr0: 0.09763688737462375
lrf: 0.1
momentum: 0.99
weight_decay: 0.0007056514071365305
warmup_epochs: 2
warmup_momentum: 0.9
warmup_bias_lr: 0.4
box: 0.03
cls: 0.5
cls_pw: 1
obj: 1.69
obj_pw: 1
iou_t: 0.5
anchor_t: 3.5698860797297085
fl_gamma: 1.5
hsv_h: 0.02
hsv_s: 0.3
hsv_v: 0.0
degrees: 0.1136868693379172
translate: 0.24048764181405172
scale: 0.22367959486453903
shear: 0.1
perspective: 0.000489948768825901
flipud: 0.4
fliplr: 0.5
mosaic: 0.5
mixup: 0.17474094524725048
copy_paste: 0.3
anchors: 2.8649
