# YOLOv5 wandb sweep tuning Results
#epochs:70
#    metrics/precision,       metrics/recall,      metrics/mAP_0.5, metrics/mAP_0.5:0.95,         val/box_loss,         val/obj_loss,         val/cls_loss
#              0.6794,              0.6074,              0.6115,              0.2554,             0.02634,               0.009438,                    0

lr0: 0.07156
lrf: 0.1
momentum: 0.99
weight_decay: 0.0005021
warmup_epochs: 2
warmup_momentum: 0.9
warmup_bias_lr: 0.4
box: 0.03
cls: 0.0
cls_pw: 1
obj: 1.69
obj_pw: 1
iou_t: 0.3
anchor_t: 4.186
fl_gamma: 1.5
hsv_h: 0.01
hsv_s: 0.0
hsv_v: 0.0
degrees: 0.1981
translate: 0.2145
scale: 0.2628
shear: 0.0
perspective: 0.0008309
flipud: 0.2
fliplr: 0.5
mosaic: 1
mixup: 0.05537
copy_paste: 0.3
anchors: 4.186
