# YOLOv5 Hyperparameter Evolution Results
# Best generation: 32 # Last generation: 39
#    metrics/precision,       metrics/recall,      metrics/mAP_0.5, metrics/mAP_0.5:0.95,         val/box_loss,         val/obj_loss,         val/cls_loss
#              0.66815,              0.46694,              0.48132,              0.17438,             0.056339,             0.038323,                    0

lr0: 0.01255
lrf: 0.16044
momentum: 0.95806
weight_decay: 0.00071
warmup_epochs: 3.1767
warmup_momentum: 0.91137
warmup_bias_lr: 0.10882
box: 0.04365
cls: 0.43982
cls_pw: 0.98876
obj: 0.64107
obj_pw: 0.76736
iou_t: 0.2
anchor_t: 4.45427
fl_gamma: 0.0
hsv_h: 0.0
hsv_s: 0.0
hsv_v: 0.0
degrees: 0.0
translate: 0.0
scale: 0.3528
shear: 0.0
perspective: 0.0
flipud: 0.0
fliplr: 0.5
mosaic: 0.0
mixup: 0.0
copy_paste: 0.0
anchors: 2.8649
